[gd_scene load_steps=5 format=2]

[ext_resource path="res://characters/hellephant/hellephant.tscn" type="PackedScene" id=1]
[ext_resource path="res://characters/player/player.gltf" type="PackedScene" id=2]
[ext_resource path="res://characters/zombear/zombear.tscn" type="PackedScene" id=3]
[ext_resource path="res://characters/zombunny/zombunny.tscn" type="PackedScene" id=4]

[node name="Spatial" type="Spatial"]

[node name="DirectionalLight" type="DirectionalLight" parent="."]
transform = Transform( 1, 0, 0, 0, 0.729482, 0.684, 0, -0.684, 0.729482, 0, 5.44644, 5.21601 )

[node name="Camera" type="Camera" parent="."]
transform = Transform( 1, 0, 0, 0, 0.925342, 0.379133, 0, -0.379133, 0.925342, 0, 2.13807, 5.35226 )

[node name="Hellephant" parent="." instance=ExtResource( 1 )]

[node name="player" parent="." instance=ExtResource( 2 )]
transform = Transform( 1, 0, 0, 0, 1, 0, 0, 0, 1, 1.49626, 0, 2.35175 )

[node name="Zombear" parent="." instance=ExtResource( 3 )]
transform = Transform( 0.946525, 0, -0.322629, 0, 1, 0, 0.322629, 0, 0.946525, 2.72843, 0, 0.997736 )

[node name="Zombunny" parent="." instance=ExtResource( 4 )]
transform = Transform( 0.892798, 0, 0.450457, 0, 1, 0, -0.450457, 0, 0.892798, -1.39607, 0, 1.64144 )
