[gd_scene load_steps=6 format=2]

[ext_resource path="res://characters/hellephant/hellephant.tscn" type="PackedScene" id=1]
[ext_resource path="res://characters/player/player.tscn" type="PackedScene" id=2]
[ext_resource path="res://characters/zombear/zombear.tscn" type="PackedScene" id=3]
[ext_resource path="res://characters/zombunny/zombunny.tscn" type="PackedScene" id=4]
[ext_resource path="res://environment/environment.tscn" type="PackedScene" id=5]

[node name="Spatial" type="Spatial"]

[node name="Camera" type="Camera" parent="."]
transform = Transform( 1, 0, 0, 0, 0.925342, 0.379133, 0, -0.379133, 0.925342, 0, 2.13807, 5.35226 )

[node name="Hellephant" parent="." instance=ExtResource( 1 )]

[node name="Zombear" parent="." instance=ExtResource( 3 )]
transform = Transform( 0.946525, 0, -0.322629, 0, 1, 0, 0.322629, 0, 0.946525, 2.72843, 0, 0.997736 )

[node name="Zombunny" parent="." instance=ExtResource( 4 )]
transform = Transform( 0.892798, 0, 0.450457, 0, 1, 0, -0.450457, 0, 0.892798, -1.39607, 0, 1.64144 )

[node name="Player" parent="." instance=ExtResource( 2 )]
transform = Transform( 1, 0, 0, 0, 1, 0, 0, 0, 1, 1.49626, 0, 2.35175 )

[node name="Environment" parent="." instance=ExtResource( 5 )]
