[gd_scene load_steps=5 format=2]

[ext_resource path="res://environment/arches/arches.gltf" type="PackedScene" id=1]

[sub_resource type="BoxShape" id=1]
extents = Vector3( 0.61, 0.25, 0.9 )

[sub_resource type="BoxShape" id=2]
extents = Vector3( 0.61, 0.25, 0.96 )

[sub_resource type="BoxShape" id=3]
extents = Vector3( 0.89, 0.225, 0.871 )

[node name="Arches" instance=ExtResource( 1 )]

[node name="StaticBody" type="StaticBody" parent="." index="1"]

[node name="CollisionShape" type="CollisionShape" parent="StaticBody" index="0"]
transform = Transform( 0.642788, 0, 0.766044, 0, 1, 0, -0.766044, 0, 0.642788, -0.385, 0.25, 0.7 )
shape = SubResource( 1 )

[node name="CollisionShape2" type="CollisionShape" parent="StaticBody" index="1"]
transform = Transform( 2.82909e-08, 0.173648, 0.984808, 1, -1.62921e-07, 0, 1.60446e-07, 0.984808, -0.173648, -0.91, 0.61, -1.19 )
shape = SubResource( 2 )

[node name="CollisionShape3" type="CollisionShape" parent="StaticBody" index="2"]
transform = Transform( -5.57221e-08, -0.34202, 0.939693, 1, -1.62921e-07, 0, 1.53095e-07, 0.939693, 0.34202, 0.915, 0.89, -0.405 )
shape = SubResource( 3 )
